   0.100000000000000    1.945158664899164   0.091419517865057
   0.400000000000000    0.897911600856652   0.224660121659810
   0.700000000000000    0.921655590347866   0.071313417970548
   1.000000000000000    0.521788330612967   0.114783058860778
   1.300000000000000    0.804250794580921   0.127506069326028
   1.600000000000000    0.773400140741171   0.114457026378378
   1.900000000000000    0.723472059302190   0.155477276250136
   2.200000000000000    0.789657922118547   0.168628942418047
   2.500000000000000    0.648131040861542   0.099297744004193
   2.800000000000000    1.086138347907075   0.163914052767223
   3.100000000000000    0.857497400491391   0.100628796076027
   3.400000000000000    0.959230598187039   0.081108892742839
   3.699999999999999    1.210789946225937   0.244783978789821
   4.000000000000000    1.033522194231366   0.180747229614038
   4.299999999999999    1.258242447498571   0.174081399038004
   4.600000000000000    1.294727606419979   0.232741267957169
   4.899999999999999    1.229141373861259   0.196867784699256
   5.199999999999999    0.848034213845393   0.164463052628797
   5.499999999999999    0.934298049138864   0.190925391412168
   5.799999999999999    0.743249687653572   0.149848179845177
   6.100000000000000    0.690352939702000   0.099916181766273
   6.399999999999999    0.522197595052068   0.053580172762860
   6.699999999999999    0.428473350840358   0.043216971495813
   
   

   